sudo perf stat -e LLC-misses ./nnetwork
Loading data ...
Training the model ...
Predictions:
0.124327 0.0738499 0.208978 0.092889 0.0538234 0.115591 0.105102 0.0957349 0.0516262 0.0780783 
0.130715 0.0572845 0.296189 0.0826498 0.0349967 0.11622 0.0999017 0.0864586 0.0326927 0.0628918 
0.127808 0.0675257 0.239876 0.0894581 0.0462249 0.116289 0.103777 0.0927337 0.0437281 0.0725788 
0.128876 0.0367228 0.433568 0.0638604 0.0177918 0.106698 0.085485 0.0685248 0.015966 0.0425078 
0.131109 0.043992 0.380317 0.0712518 0.0232281 0.11202 0.0916813 0.075424 0.0211354 0.0498413 
0.1315 0.0489384 0.34688 0.0759566 0.0274665 0.113532 0.0951256 0.0804253 0.0252598 0.0549159 
0.131728 0.0487353 0.348147 0.075591 0.0271572 0.114176 0.0949755 0.079867 0.024993 0.0546298 
0.128746 0.065316 0.250634 0.0881255 0.0439573 0.116622 0.103158 0.0915491 0.0414605 0.0704317 
0.128339 0.0356552 0.441733 0.0627071 0.0170658 0.105818 0.0846118 0.0673858 0.0152804 0.0414041 
0.131314 0.0550067 0.307778 0.0810619 0.0331539 0.116055 0.0989165 0.085009 0.0307783 0.0609273 

Ground truth:
0 1 0 0 0 0 0 0 0 0 
0 0 0 0 0 0 0 0 1 0 
0 0 0 0 0 0 0 1 0 0 
1 0 0 0 0 0 0 0 0 0 
0 0 0 0 0 0 0 0 1 0 
0 0 0 0 0 0 1 0 0 0 
1 0 0 0 0 0 0 0 0 0 
0 0 0 0 0 0 0 0 0 1 
0 0 1 0 0 0 0 0 0 0 
0 0 1 0 0 0 0 0 0 0 

Iteration #: 99
Iteration Time: 0.00618669s
Forward and Backward Time(s) per epoch:0.005571 90.0481% time spend at dot in an epoch
Loss: 0.963029
*******************************************
Predictions:
0.182554 0.0821675 0.0508859 0.0839877 0.0898339 0.0974482 0.0977895 0.100271 0.110437 0.104626 
0.261933 0.0671251 0.0307171 0.0704607 0.0800014 0.0906938 0.091131 0.0942519 0.111583 0.102103 
0.299505 0.0613862 0.0243341 0.0645092 0.0747344 0.0866114 0.0872545 0.0911444 0.110646 0.0998751 
0.24041 0.0709932 0.0349045 0.0738856 0.0824297 0.0927434 0.0932142 0.0963757 0.111834 0.10321 
0.265671 0.0662936 0.0300556 0.0696173 0.079481 0.0902878 0.0909027 0.0938461 0.111716 0.102129 
0.207842 0.0769189 0.0431897 0.0794103 0.0867758 0.0957641 0.0962383 0.0982925 0.111264 0.104305 
0.222473 0.0743562 0.0390451 0.0769768 0.084832 0.0942059 0.0947298 0.0978163 0.111798 0.103767 
0.182561 0.081806 0.0512193 0.0839412 0.0901085 0.0976832 0.0980874 0.0998861 0.110135 0.104572 
0.310899 0.059182 0.0227911 0.0628318 0.0732512 0.0857975 0.0860569 0.08973 0.110437 0.099024 
0.160935 0.0861673 0.0597121 0.0881283 0.0930553 0.0989815 0.0990734 0.100784 0.108779 0.104385 

Ground truth:
0 1 0 0 0 0 0 0 0 0 
0 0 0 0 1 0 0 0 0 0 
0 0 0 0 1 0 0 0 0 0 
0 0 1 0 0 0 0 0 0 0 
0 0 0 0 0 0 1 0 0 0 
0 0 0 1 0 0 0 0 0 0 
0 0 0 0 0 0 0 1 0 0 
0 0 0 0 0 0 0 1 0 0 
0 0 0 0 1 0 0 0 0 0 
0 0 0 0 0 0 0 1 0 0 

Iteration #: 199
Iteration Time: 0.00594705s
Forward and Backward Time(s) per epoch:0.005373 90.3473% time spend at dot in an epoch
Loss: 0.908143
*******************************************
Predictions:
0.122984 0.0864621 0.103224 0.0894545 0.096569 0.0984209 0.105234 0.106598 0.0992921 0.0917604 
0.210782 0.0535546 0.106849 0.0617008 0.0831959 0.0891178 0.115331 0.120025 0.0909007 0.0685427 
0.167659 0.0668276 0.105988 0.0733932 0.0899698 0.0937952 0.111998 0.115653 0.095628 0.0790895 
0.163059 0.0685009 0.105773 0.0751738 0.0904474 0.0947435 0.11164 0.114478 0.0960104 0.080174 
0.160995 0.0691889 0.105805 0.0755296 0.0912405 0.0947558 0.110878 0.114564 0.0961498 0.0808939 
0.147211 0.0746669 0.105122 0.0800792 0.0932484 0.0960764 0.109389 0.112041 0.0974063 0.08476 
0.148903 0.0740393 0.104954 0.0796215 0.0929272 0.0960029 0.109725 0.112158 0.0973358 0.0843339 
0.163019 0.0682505 0.106153 0.0748297 0.0912008 0.0942741 0.111459 0.114636 0.0958677 0.0803109 
0.142741 0.076914 0.104888 0.0820357 0.0933482 0.0967616 0.108762 0.11093 0.0976924 0.0859276 
0.132878 0.081661 0.104056 0.0853675 0.0949698 0.0974325 0.107121 0.109256 0.098739 0.0885199 

Ground truth:
0 1 0 0 0 0 0 0 0 0 
0 0 1 0 0 0 0 0 0 0 
0 0 0 0 0 0 1 0 0 0 
0 0 0 0 0 1 0 0 0 0 
0 0 0 0 1 0 0 0 0 0 
0 0 0 0 1 0 0 0 0 0 
0 0 0 0 0 0 1 0 0 0 
0 0 0 0 1 0 0 0 0 0 
0 0 0 0 0 0 1 0 0 0 
0 1 0 0 0 0 0 0 0 0 

Iteration #: 299
Iteration Time: 0.00596879s
Forward and Backward Time(s) per epoch:0.005408 90.6046% time spend at dot in an epoch
Loss: 0.906144
*******************************************
Predictions:
0.119907 0.0898245 0.117746 0.128668 0.0636361 0.0682255 0.109967 0.0861716 0.136794 0.0790604 
0.122284 0.0885918 0.11875 0.130602 0.0613698 0.0662272 0.110328 0.0848856 0.139512 0.0774496 
0.115955 0.0926485 0.114417 0.123753 0.0695416 0.0736586 0.108057 0.0889469 0.129685 0.0833368 
0.122959 0.0876976 0.120331 0.133933 0.0583807 0.063628 0.110948 0.0829199 0.143712 0.0754919 
0.119444 0.0900931 0.116224 0.125727 0.0669005 0.0708925 0.109055 0.087707 0.132496 0.081459 
0.108974 0.0970594 0.108833 0.113974 0.0811161 0.0840304 0.105037 0.0937018 0.117422 0.089853 
0.117945 0.0905657 0.116102 0.125008 0.0677789 0.0718198 0.109265 0.0876969 0.132189 0.0816301 
0.121612 0.0885544 0.119056 0.131821 0.0611057 0.0663555 0.110835 0.0841404 0.139506 0.0770133 
0.110954 0.0959509 0.11039 0.116728 0.0776578 0.0812212 0.106004 0.0925921 0.120249 0.088254 
0.108755 0.097383 0.107996 0.113081 0.0820551 0.0850861 0.104642 0.094506 0.115636 0.0908592 

Ground truth:
0 0 1 0 0 0 0 0 0 0 
0 0 0 0 0 1 0 0 0 0 
0 0 0 0 0 0 0 0 0 1 
0 0 0 0 0 0 0 0 1 0 
0 0 0 0 0 0 0 1 0 0 
0 1 0 0 0 0 0 0 0 0 
0 0 0 0 0 0 1 0 0 0 
0 0 0 0 0 1 0 0 0 0 
0 1 0 0 0 0 0 0 0 0 
0 1 0 0 0 0 0 0 0 0 

Iteration #: 399
Iteration Time: 0.00611365s
Forward and Backward Time(s) per epoch:0.005519 90.2733% time spend at dot in an epoch
Loss: 0.90165
*******************************************
Predictions:
0.118192 0.048904 0.122591 0.167484 0.0580266 0.0804236 0.136225 0.0679694 0.122689 0.077496 
0.107427 0.0795338 0.108693 0.121655 0.0840046 0.0940423 0.112862 0.0890601 0.109346 0.093377 
0.113532 0.0630298 0.116328 0.142642 0.0711174 0.087849 0.124392 0.0788444 0.116147 0.086118 
0.117867 0.0503682 0.122542 0.164706 0.0590734 0.0814546 0.135035 0.0689623 0.121676 0.078315 
0.115813 0.0584863 0.118212 0.148388 0.0671607 0.0859043 0.128248 0.0756255 0.118217 0.0839445 
0.113543 0.0632534 0.116184 0.143006 0.0704328 0.0877669 0.124866 0.0789138 0.116395 0.0856388 
0.115374 0.0590111 0.118264 0.150763 0.0663867 0.0859446 0.127454 0.0753405 0.118104 0.0833583 
0.108967 0.0749998 0.111025 0.128153 0.0799259 0.0928121 0.116426 0.0859125 0.111214 0.0905651 
0.111748 0.0694163 0.113016 0.13319 0.0762025 0.0906666 0.119858 0.0833675 0.113185 0.0893503 
0.111143 0.0702888 0.113283 0.133682 0.0760281 0.090906 0.119828 0.0829053 0.113402 0.0885339 

Ground truth:
0 0 0 0 0 0 0 0 1 0 
0 0 0 0 0 0 0 1 0 0 
0 0 0 0 0 0 0 0 0 1 
0 0 1 0 0 0 0 0 0 0 
0 0 0 0 0 0 0 0 0 1 
0 0 1 0 0 0 0 0 0 0 
0 0 0 1 0 0 0 0 0 0 
0 0 0 0 0 1 0 0 0 0 
0 0 0 0 0 0 0 1 0 0 
0 0 1 0 0 0 0 0 0 0 

Iteration #: 499
Iteration Time: 0.00635611s
Forward and Backward Time(s) per epoch:0.005799 91.2351% time spend at dot in an epoch
Loss: 0.897046
*******************************************
Predictions:
0.137195 0.0756522 0.105964 0.094614 0.0890813 0.108977 0.103733 0.102766 0.0920634 0.0899539 
0.135892 0.0759685 0.106216 0.0943194 0.0907514 0.108055 0.10378 0.102561 0.0918855 0.0905717 
0.180753 0.0570193 0.11016 0.0881459 0.0792078 0.115472 0.106042 0.101459 0.0824661 0.0792741 
0.161955 0.064037 0.109194 0.090307 0.0832196 0.112886 0.105453 0.102819 0.0865892 0.0835394 
0.158971 0.0654732 0.108809 0.0922084 0.08314 0.113115 0.104502 0.102593 0.0874307 0.0837575 
0.164777 0.0633835 0.109078 0.0905646 0.0823193 0.113554 0.105501 0.102136 0.0857313 0.0829555 
0.145179 0.0715681 0.107016 0.0927337 0.0882944 0.10983 0.10496 0.102448 0.089994 0.0879758 
0.18984 0.0547937 0.110369 0.0869087 0.0765442 0.116704 0.105274 0.101503 0.0806968 0.077367 
0.158322 0.0660571 0.108585 0.0930607 0.0829312 0.113128 0.104917 0.102425 0.0869578 0.0836158 
0.197606 0.0514581 0.110777 0.0860935 0.0744561 0.118016 0.105389 0.101564 0.0792568 0.0753832 

Ground truth:
0 0 0 0 0 0 0 0 0 1 
0 0 0 0 1 0 0 0 0 0 
1 0 0 0 0 0 0 0 0 0 
0 0 1 0 0 0 0 0 0 0 
0 0 0 0 0 0 0 0 1 0 
0 0 1 0 0 0 0 0 0 0 
0 0 1 0 0 0 0 0 0 0 
1 0 0 0 0 0 0 0 0 0 
0 0 0 1 0 0 0 0 0 0 
0 0 0 0 0 1 0 0 0 0 

Iteration #: 599
Iteration Time: 0.00609589s
Forward and Backward Time(s) per epoch:0.005526 90.6512% time spend at dot in an epoch
Loss: 0.900641
*******************************************
Predictions:
0.184512 0.073808 0.0750037 0.0913186 0.0849384 0.0898052 0.0894075 0.0886579 0.116825 0.105723 
0.19261 0.0711458 0.0737523 0.0895233 0.0844491 0.0883009 0.0881162 0.0873854 0.118293 0.106424 
0.164608 0.0788066 0.0791584 0.0923334 0.0891598 0.0910526 0.0914963 0.0922425 0.114602 0.10654 
0.160067 0.0819344 0.0802239 0.0938318 0.0880606 0.0919545 0.0913366 0.0919258 0.115408 0.105257 
0.158043 0.0814211 0.081476 0.0938631 0.0894193 0.0923918 0.0917893 0.0918989 0.114368 0.105329 
0.143069 0.0866783 0.0848268 0.0957497 0.0911168 0.0941935 0.0937209 0.0947978 0.111151 0.104696 
0.16577 0.0791376 0.0794684 0.0932755 0.0880581 0.091795 0.0911387 0.0912085 0.11451 0.105638 
0.167765 0.0777149 0.0790037 0.0926816 0.0882302 0.0915516 0.0912324 0.0909361 0.114766 0.106119 
0.188748 0.0729091 0.0739763 0.0908757 0.0843235 0.0886478 0.0883245 0.0880407 0.117838 0.106316 
0.140555 0.0865704 0.0860392 0.096112 0.0918909 0.0948269 0.0945387 0.0946381 0.110526 0.104303 

Ground truth:
0 0 0 1 0 0 0 0 0 0 
0 0 1 0 0 0 0 0 0 0 
0 0 0 0 0 0 0 1 0 0 
0 1 0 0 0 0 0 0 0 0 
0 1 0 0 0 0 0 0 0 0 
0 1 0 0 0 0 0 0 0 0 
0 0 0 1 0 0 0 0 0 0 
0 0 0 1 0 0 0 0 0 0 
0 0 0 1 0 0 0 0 0 0 
0 1 0 0 0 0 0 0 0 0 

Iteration #: 699
Iteration Time: 0.00614115s
Forward and Backward Time(s) per epoch:0.005566 90.6345% time spend at dot in an epoch
Loss: 0.900258
*******************************************
Predictions:
0.111841 0.0689925 0.112192 0.095027 0.113784 0.100181 0.0973849 0.109194 0.0972541 0.0941506 
0.113193 0.0698737 0.111314 0.095075 0.112306 0.100675 0.0986328 0.107766 0.0967141 0.0944511 
0.114963 0.0682175 0.111966 0.093555 0.113457 0.100536 0.0990354 0.10837 0.0963221 0.0935783 
0.123913 0.054289 0.11906 0.0905676 0.119656 0.100775 0.0973852 0.112082 0.0931305 0.0891414 
0.120395 0.0551002 0.122201 0.0941847 0.117774 0.101278 0.0949399 0.112732 0.0946626 0.0867324 
0.104721 0.0827187 0.108496 0.0991243 0.106302 0.100438 0.0966759 0.107168 0.099319 0.0950364 
0.134983 0.0415542 0.125489 0.084345 0.128356 0.0993656 0.0957647 0.116464 0.0891578 0.0845203 
0.133597 0.0407084 0.12871 0.0864486 0.128032 0.0999708 0.09478 0.115387 0.0895343 0.0828309 
0.114564 0.0637076 0.115022 0.0938245 0.116013 0.100227 0.0968803 0.110892 0.0963207 0.0925481 
0.113597 0.06538 0.114743 0.0942177 0.114792 0.10014 0.0972239 0.111063 0.0965964 0.092247 

Ground truth:
0 0 0 0 1 0 0 0 0 0 
0 0 0 0 0 0 0 0 0 1 
0 0 1 0 0 0 0 0 0 0 
1 0 0 0 0 0 0 0 0 0 
0 0 1 0 0 0 0 0 0 0 
0 1 0 0 0 0 0 0 0 0 
1 0 0 0 0 0 0 0 0 0 
0 0 1 0 0 0 0 0 0 0 
0 0 0 0 0 0 0 0 0 1 
0 0 1 0 0 0 0 0 0 0 

Iteration #: 799
Iteration Time: 0.00592631s
Forward and Backward Time(s) per epoch:0.005325 89.8535% time spend at dot in an epoch
Loss: 0.893707
*******************************************
Predictions:
0.086397 0.0399986 0.177832 0.0687714 0.0928276 0.0750301 0.111321 0.135022 0.135228 0.0775729 
0.0966511 0.0499371 0.155065 0.0774499 0.0947881 0.0842189 0.11243 0.122803 0.123465 0.0831925 
0.0919072 0.0578239 0.149269 0.0817055 0.0939263 0.0852204 0.109542 0.121855 0.124108 0.0846427 
0.0817811 0.059504 0.158599 0.0820957 0.089627 0.081618 0.104981 0.127669 0.132775 0.0813503 
0.0926349 0.0514972 0.15378 0.0777585 0.0966802 0.0826779 0.110063 0.125514 0.124736 0.0846592 
0.0910285 0.0707795 0.133026 0.0879436 0.0964953 0.0890344 0.105346 0.117518 0.118678 0.0901512 
0.0905133 0.0546365 0.153817 0.0813512 0.0934664 0.0841455 0.109246 0.123406 0.125975 0.0834424 
0.0919272 0.0490781 0.157986 0.0754437 0.0965744 0.0810673 0.110526 0.127485 0.125947 0.0839655 
0.0885426 0.0407528 0.17584 0.0698045 0.0921704 0.0765474 0.112049 0.132852 0.133533 0.077909 
0.088861 0.0546842 0.157609 0.0807262 0.0921622 0.0830994 0.107954 0.12421 0.128221 0.0824736 

Ground truth:
0 0 0 0 1 0 0 0 0 0 
0 0 0 0 0 0 1 0 0 0 
0 0 0 0 0 0 1 0 0 0 
0 1 0 0 0 0 0 0 0 0 
0 0 0 0 0 0 0 0 0 1 
0 0 0 0 1 0 0 0 0 0 
0 0 0 0 0 1 0 0 0 0 
0 0 0 0 1 0 0 0 0 0 
0 0 0 0 0 0 0 0 0 1 
0 0 0 1 0 0 0 0 0 0 

Iteration #: 899
Iteration Time: 0.0058616s
Forward and Backward Time(s) per epoch:0.005289 90.2313% time spend at dot in an epoch
Loss: 0.902314
*******************************************
Predictions:
0.116836 0.0786873 0.101742 0.0947117 0.0978829 0.0942563 0.117624 0.0943235 0.0964756 0.107461 
0.110391 0.0848758 0.102686 0.0988588 0.0937209 0.0937101 0.11601 0.0930053 0.0997093 0.107032 
0.130079 0.0644207 0.102469 0.0896164 0.0975718 0.0910932 0.132029 0.0885241 0.0934004 0.110797 
0.178331 0.0393416 0.100796 0.0761839 0.0921052 0.0828121 0.160039 0.0761772 0.0801222 0.114092 
0.128859 0.0660594 0.102281 0.09047 0.0948219 0.0888679 0.131225 0.0906891 0.0933586 0.113368 
0.121373 0.0744622 0.104962 0.0962036 0.0927199 0.0923033 0.124852 0.0886778 0.0965678 0.107878 
0.111801 0.0815674 0.10097 0.0949294 0.0966949 0.0917392 0.117103 0.0967598 0.098029 0.110406 
0.126306 0.067701 0.101267 0.0891998 0.100009 0.0917402 0.125669 0.0921744 0.0937198 0.112213 
0.114738 0.0807205 0.100813 0.0940196 0.0990984 0.0941112 0.115082 0.0967567 0.0966977 0.107964 
0.163064 0.0466466 0.100154 0.078974 0.0970366 0.0875472 0.147648 0.0825344 0.0834471 0.112948 

Ground truth:
0 0 0 0 0 0 0 0 0 1 
0 0 0 0 0 0 0 0 1 0 
0 0 0 0 0 0 1 0 0 0 
1 0 0 0 0 0 0 0 0 0 
0 0 0 0 0 0 0 1 0 0 
0 0 1 0 0 0 0 0 0 0 
0 0 0 0 0 0 0 1 0 0 
0 0 0 0 0 0 0 0 0 1 
0 0 0 0 0 0 0 1 0 0 
1 0 0 0 0 0 0 0 0 0 

Iteration #: 999
Iteration Time: 0.00600967s
Forward and Backward Time(s) per epoch:0.005415 90.1048% time spend at dot in an epoch
Loss: 0.886171
*******************************************
